Year,Country,Gold,Silver,Bronze,Total Medals,Season
1896,GRE,10,20,22,52,Summer
1896,GER,26,5,2,33,Summer
1896,USA,11,7,2,20,Summer
1896,FRA,5,4,2,11,Summer
1896,GBR,2,3,2,7,Summer
1896,ZZX,2,2,2,6,Summer
1896,HUN,2,1,3,6,Summer
1896,DEN,1,2,3,6,Summer
1896,AUT,2,1,2,5,Summer
1896,SUI,1,2,0,3,Summer
1896,AUS,2,0,0,2,Summer
1900,FRA,46,86,53,185,Summer
1900,GBR,48,20,10,78,Summer
1900,USA,27,14,14,55,Summer
1900,GER,11,19,10,40,Summer
1900,BEL,5,19,15,39,Summer
1900,ZZX,18,8,8,34,Summer
1900,NED,0,5,15,20,Summer
1900,SUI,13,1,1,15,Summer
1900,NOR,0,6,3,9,Summer
1900,DEN,1,3,2,6,Summer
1900,AUT,0,3,3,6,Summer
1900,AUS,2,0,3,5,Summer
1900,HUN,1,2,2,5,Summer
1900,ITA,2,2,0,4,Summer
1900,ESP,2,0,0,2,Summer
1900,CUB,1,1,0,2,Summer
1900,CAN,1,0,1,2,Summer
1900,IND,0,2,0,2,Summer
1900,BOH,0,1,1,2,Summer
1900,SWE,0,0,1,1,Summer
1904,USA,146,137,111,394,Summer
1904,CAN,26,9,0,35,Summer
1904,GER,4,4,5,13,Summer
1904,CUB,4,2,3,9,Summer
1904,ZZX,3,5,0,8,Summer
1904,HUN,2,1,1,4,Summer
1904,GBR,1,1,0,2,Summer
1904,GRE,1,0,1,2,Summer
1904,SUI,1,0,1,2,Summer
1904,AUT,0,0,1,1,Summer
1908,GBR,144,135,68,347,Summer
1908,SWE,69,18,11,98,Summer
1908,USA,34,14,15,63,Summer
1908,CAN,17,8,26,51,Summer
1908,NOR,7,34,3,44,Summer
1908,FRA,9,5,21,35,Summer
1908,BEL,1,24,6,31,Summer
1908,FIN,1,1,27,29,Summer
1908,GER,4,11,7,22,Summer
1908,ANZ,15,2,2,19,Summer
1908,HUN,6,7,5,18,Summer
1908,DEN,0,12,3,15,Summer
1908,NED,0,0,11,11,Summer
1908,ITA,2,5,0,7,Summer
1908,BOH,0,0,5,5,Summer
1908,RU1,1,2,0,3,Summer
1908,GRE,0,3,0,3,Summer
1908,RSA,1,1,0,2,Summer
1908,AUT,0,0,1,1,Summer
1912,SWE,86,62,25,173,Summer
1912,GBR,44,58,58,160,Summer
1912,USA,45,25,31,101,Summer
1912,DEN,5,45,34,84,Summer
1912,NOR,41,6,29,76,Summer
1912,FIN,9,36,22,67,Summer
1912,GER,10,19,23,52,Summer
1912,HUN,10,17,3,30,Summer
1912,FRA,10,10,5,25,Summer
1912,NED,0,0,22,22,Summer
1912,ITA,18,1,2,21,Summer
1912,BEL,9,1,9,19,Summer
1912,AUT,0,9,5,14,Summer
1912,RU1,0,5,9,14,Summer
1912,ANZ,5,2,3,10,Summer
1912,CAN,3,2,3,8,Summer
1912,RSA,5,2,0,7,Summer
1912,GRE,1,0,1,2,Summer
1920,USA,110,45,38,193,Summer
1920,BEL,57,66,65,188,Summer
1920,SWE,53,36,57,146,Summer
1920,NOR,58,56,27,141,Summer
1920,FRA,13,73,55,141,Summer
1920,GBR,55,35,17,107,Summer
1920,ITA,68,9,7,84,Summer
1920,DEN,30,44,1,75,Summer
1920,FIN,18,14,17,49,Summer
1920,NED,14,10,24,48,Summer
1920,SUI,6,2,21,29,Summer
1920,ESP,0,24,0,24,Summer
1920,RSA,3,12,6,21,Summer
1920,CAN,10,3,3,16,Summer
1920,TCH,0,0,10,10,Summer
1920,BRA,1,1,5,7,Summer
1920,AUS,0,5,1,6,Summer
1920,GRE,0,5,0,5,Summer
1920,EST,1,2,0,3,Summer
1920,JPN,0,3,0,3,Summer
1920,LUX,0,1,0,1,Summer
1920,NZL,0,0,1,1,Summer
1924,USA,110,37,51,198,Summer
1924,FRA,39,63,20,122,Summer
1924,SWE,6,25,49,80,Summer
1924,GBR,17,29,20,66,Summer
1924,SUI,13,31,21,65,Summer
1924,FIN,24,13,15,52,Summer
1924,ITA,25,5,21,51,Summer
1924,BEL,3,29,6,38,Summer
1924,NOR,16,7,3,26,Summer
1924,NED,8,1,17,26,Summer
1924,ROU,0,0,23,23,Summer
1924,URU,22,0,0,22,Summer
1924,HUN,2,10,8,20,Summer
1924,CAN,0,19,1,20,Summer
1924,DEN,2,8,2,12,Summer
1924,ARG,6,3,2,11,Summer
1924,AUS,3,5,2,10,Summer
1924,TCH,1,4,5,10,Summer
1924,HAI,0,0,7,7,Summer
1924,EST,1,1,4,6,Summer
1924,POL,0,4,1,5,Summer
1924,AUT,0,3,1,4,Summer
1924,RSA,1,1,1,3,Summer
1924,POR,0,0,3,3,Summer
1924,YUG,2,0,0,2,Summer
1924,JPN,0,0,1,1,Summer
1924,NZL,0,0,1,1,Summer
1928,USA,43,24,17,84,Summer
1928,GER,20,13,39,72,Summer
1928,ITA,18,21,31,70,Summer
1928,NED,20,39,6,65,Summer
1928,GBR,6,25,24,55,Summer
1928,FRA,7,16,13,36,Summer
1928,SWE,7,8,21,36,Summer
1928,CAN,7,5,21,33,Summer
1928,ARG,3,24,5,32,Summer
1928,SUI,16,8,5,29,Summer
1928,FIN,8,8,9,25,Summer
1928,URU,22,0,0,22,Summer
1928,HUN,9,11,0,20,Summer
1928,POL,1,3,14,18,Summer
1928,TCH,2,12,2,16,Summer
1928,IND,15,0,0,15,Summer
1928,DEN,5,5,3,13,Summer
1928,YUG,1,1,10,12,Summer
1928,NOR,4,4,1,9,Summer
1928,EST,2,1,6,9,Summer
1928,JPN,2,5,1,8,Summer
1928,RSA,1,0,5,6,Summer
1928,BEL,0,1,4,5,Summer
1928,EGY,2,1,1,4,Summer
1928,AUT,2,0,2,4,Summer
1928,AUS,1,2,1,4,Summer
1928,ESP,3,0,0,3,Summer
1928,IRL,1,0,0,1,Summer
1928,NZL,1,0,0,1,Summer
1928,CHI,0,1,0,1,Summer
1928,HAI,0,1,0,1,Summer
1928,PHI,0,0,1,1,Summer
1932,USA,78,44,59,181,Summer
1932,ITA,21,38,18,77,Summer
1932,GER,7,26,5,38,Summer
1932,CAN,2,13,23,38,Summer
1932,FRA,23,8,6,37,Summer
1932,GBR,8,12,14,34,Summer
1932,HUN,20,4,8,32,Summer
1932,SWE,12,7,12,31,Summer
1932,JPN,10,17,4,31,Summer
1932,FIN,5,8,16,29,Summer
1932,POL,2,3,14,19,Summer
1932,NED,2,10,0,12,Summer
1932,IND,11,0,0,11,Summer
1932,DEN,0,5,4,9,Summer
1932,AUS,3,1,1,5,Summer
1932,RSA,2,0,3,5,Summer
1932,AUT,1,1,3,5,Summer
1932,ARG,3,1,0,4,Summer
1932,TCH,1,2,1,4,Summer
1932,PHI,0,0,3,3,Summer
1932,IRL,2,0,0,2,Summer
1932,MEX,0,2,0,2,Summer
1932,NZL,0,2,0,2,Summer
1932,LAT,0,1,0,1,Summer
1932,SUI,0,1,0,1,Summer
1932,ESP,0,0,1,1,Summer
1932,URU,0,0,1,1,Summer
1936,GER,88,63,59,210,Summer
1936,USA,51,26,15,92,Summer
1936,ITA,36,30,5,71,Summer
1936,AUT,5,41,4,50,Summer
1936,SUI,1,22,24,47,Summer
1936,FRA,12,13,18,43,Summer
1936,HUN,25,1,16,42,Summer
1936,NED,9,7,21,37,Summer
1936,GBR,12,16,8,36,Summer
1936,SWE,7,11,16,34,Summer
1936,NOR,1,12,15,28,Summer
1936,FIN,7,6,13,26,Summer
1936,CAN,1,12,9,22,Summer
1936,JPN,9,4,8,21,Summer
1936,IND,19,0,0,19,Summer
1936,TCH,5,12,0,17,Summer
1936,MEX,0,0,16,16,Summer
1936,BEL,0,0,12,12,Summer
1936,ARG,5,2,4,11,Summer
1936,POL,0,5,4,9,Summer
1936,EST,2,2,3,7,Summer
1936,DEN,0,3,3,6,Summer
1936,EGY,2,1,2,5,Summer
1936,POR,0,0,3,3,Summer
1936,TUR,1,0,1,2,Summer
1936,ROU,0,2,0,2,Summer
1936,LAT,0,1,1,2,Summer
1936,NZL,1,0,0,1,Summer
1936,RSA,0,1,0,1,Summer
1936,YUG,0,1,0,1,Summer
1936,AUS,0,0,1,1,Summer
1936,PHI,0,0,1,1,Summer
1948,USA,83,30,35,148,Summer
1948,SWE,29,15,29,73,Summer
1948,FRA,25,22,21,68,Summer
1948,ITA,20,31,12,63,Summer
1948,HUN,15,24,21,60,Summer
1948,GBR,6,39,11,56,Summer
1948,DEN,7,15,27,49,Summer
1948,NED,8,2,32,42,Summer
1948,SUI,5,22,5,32,Summer
1948,FIN,15,7,7,29,Summer
1948,IND,20,0,0,20,Summer
1948,TCH,14,3,3,20,Summer
1948,NOR,3,4,11,18,Summer
1948,AUS,2,9,5,16,Summer
1948,YUG,0,16,0,16,Summer
1948,BEL,4,2,8,14,Summer
1948,TUR,6,4,2,12,Summer
1948,ARG,3,8,1,12,Summer
1948,BRA,0,0,12,12,Summer
1948,MEX,4,1,4,9,Summer
1948,CAN,0,1,5,6,Summer
1948,EGY,2,2,1,5,Summer
1948,POR,0,2,3,5,Summer
1948,RSA,2,1,1,4,Summer
1948,AUT,1,0,3,4,Summer
1948,JAM,1,2,0,3,Summer
1948,ESP,0,3,0,3,Summer
1948,URU,0,1,2,3,Summer
1948,CUB,0,2,0,2,Summer
1948,KOR,0,0,2,2,Summer
1948,PAN,0,0,2,2,Summer
1948,PER,1,0,0,1,Summer
1948,SRI,0,1,0,1,Summer
1948,TRI,0,1,0,1,Summer
1948,IRI,0,0,1,1,Summer
1948,POL,0,0,1,1,Summer
1948,PUR,0,0,1,1,Summer
1952,USA,79,23,28,130,Summer
1952,URS,36,62,19,117,Summer
1952,HUN,52,17,32,101,Summer
1952,SWE,23,24,23,70,Summer
1952,ITA,17,21,15,53,Summer
1952,FIN,8,3,29,40,Summer
1952,GER,0,14,26,40,Summer
1952,FRA,14,9,16,39,Summer
1952,SUI,2,19,12,33,Summer
1952,GBR,3,2,26,31,Summer
1952,TCH,11,4,10,25,Summer
1952,YUG,4,20,0,24,Summer
1952,AUS,7,2,11,20,Summer
1952,NED,0,18,0,18,Summer
1952,IND,14,0,1,15,Summer
1952,RSA,2,8,4,14,Summer
1952,URU,0,0,14,14,Summer
1952,NOR,5,8,0,13,Summer
1952,JPN,1,9,2,12,Summer
1952,DEN,3,1,5,9,Summer
1952,JAM,5,3,0,8,Summer
1952,BEL,4,3,0,7,Summer
1952,IRI,0,3,4,7,Summer
1952,ARG,2,2,2,6,Summer
1952,CAN,1,3,0,4,Summer
1952,POL,1,2,1,4,Summer
1952,ROU,1,1,2,4,Summer
1952,CHI,0,4,0,4,Summer
1952,TUR,2,0,1,3,Summer
1952,BRA,1,0,2,3,Summer
1952,NZL,1,0,2,3,Summer
1952,AUT,0,1,2,3,Summer
1952,LIB,0,1,1,2,Summer
1952,KOR,0,0,2,2,Summer
1952,POR,0,0,2,2,Summer
1952,TRI,0,0,2,2,Summer
1952,LUX,1,0,0,1,Summer
1952,ESP,0,1,0,1,Summer
1952,IRL,0,1,0,1,Summer
1952,MEX,0,1,0,1,Summer
1952,BUL,0,0,1,1,Summer
1952,EGY,0,0,1,1,Summer
1952,VEN,0,0,1,1,Summer
1956,URS,68,46,55,169,Summer
1956,USA,61,37,20,118,Summer
1956,HUN,30,20,14,64,Summer
1956,AUS,23,12,26,61,Summer
1956,EUA,12,23,22,57,Summer
1956,ITA,25,11,10,46,Summer
1956,GBR,8,15,22,45,Summer
1956,SWE,14,14,6,34,Summer
1956,FRA,6,13,13,32,Summer
1956,FIN,3,1,22,26,Summer
1956,JPN,4,15,5,24,Summer
1956,YUG,0,23,0,23,Summer
1956,ROU,6,3,10,19,Summer
1956,CAN,5,9,5,19,Summer
1956,POL,1,9,9,19,Summer
1956,BUL,1,3,14,18,Summer
1956,IND,17,0,0,17,Summer
1956,PAK,0,14,0,14,Summer
1956,URU,0,0,12,12,Summer
1956,TUR,3,2,2,7,Summer
1956,DEN,1,5,1,7,Summer
1956,TCH,1,5,1,7,Summer
1956,RSA,0,0,7,7,Summer
1956,IRI,2,2,1,5,Summer
1956,IRL,1,1,3,5,Summer
1956,CHI,0,2,2,4,Summer
1956,AUT,0,0,4,4,Summer
1956,NZL,3,0,0,3,Summer
1956,NOR,1,0,2,3,Summer
1956,SUI,0,0,3,3,Summer
1956,MEX,1,0,1,2,Summer
1956,BEL,0,2,0,2,Summer
1956,ARG,0,1,1,2,Summer
1956,KOR,0,1,1,2,Summer
1956,BAH,0,0,2,2,Summer
1956,BRA,1,0,0,1,Summer
1956,ISL,0,1,0,1,Summer
1956,GRE,0,0,1,1,Summer
1960,URS,61,63,45,169,Summer
1960,USA,68,23,21,112,Summer
1960,ITA,36,18,34,88,Summer
1960,EUA,34,33,21,88,Summer
1960,HUN,13,16,36,65,Summer
1960,AUS,10,17,9,36,Summer
1960,POL,4,11,15,30,Summer
1960,JPN,9,10,10,29,Summer
1960,GBR,2,11,15,28,Summer
1960,DEN,2,17,4,23,Summer
1960,TCH,4,7,11,22,Summer
1960,YUG,16,1,0,17,Summer
1960,ROU,3,1,11,15,Summer
1960,PAK,13,0,1,14,Summer
1960,ESP,0,0,14,14,Summer
1960,IND,0,13,0,13,Summer
1960,BRA,0,0,13,13,Summer
1960,FRA,0,6,5,11,Summer
1960,SUI,0,5,6,11,Summer
1960,TUR,7,2,0,9,Summer
1960,CAN,0,9,0,9,Summer
1960,SWE,2,2,3,7,Summer
1960,BUL,1,3,3,7,Summer
1960,FIN,1,1,4,6,Summer
1960,BWI,0,0,5,5,Summer
1960,ARG,0,3,1,4,Summer
1960,BEL,0,2,2,4,Summer
1960,IRI,0,1,3,4,Summer
1960,GRE,3,0,0,3,Summer
1960,NZL,2,0,1,3,Summer
1960,AUT,1,2,0,3,Summer
1960,NED,0,1,2,3,Summer
1960,RSA,0,1,2,3,Summer
1960,NOR,2,0,0,2,Summer
1960,POR,0,2,0,2,Summer
1960,EGY,0,1,1,2,Summer
1960,ETH,1,0,0,1,Summer
1960,GHA,0,1,0,1,Summer
1960,MAR,0,1,0,1,Summer
1960,SIN,0,1,0,1,Summer
1960,TPE,0,1,0,1,Summer
1960,IRQ,0,0,1,1,Summer
1960,MEX,0,0,1,1,Summer
1960,VEN,0,0,1,1,Summer
1964,URS,61,63,50,174,Summer
1964,USA,78,36,36,150,Summer
1964,EUA,22,44,49,115,Summer
1964,JPN,32,5,27,64,Summer
1964,HUN,42,7,7,56,Summer
1964,TCH,5,38,12,55,Summer
1964,ITA,13,28,9,50,Summer
1964,POL,10,13,25,48,Summer
1964,AUS,8,5,29,42,Summer
1964,FRA,1,13,17,31,Summer
1964,NED,5,9,16,30,Summer
1964,GBR,4,19,5,28,Summer
1964,ROU,2,4,10,16,Summer
1964,PAK,0,16,0,16,Summer
1964,IND,15,0,0,15,Summer
1964,SWE,3,4,8,15,Summer
1964,YUG,2,11,2,15,Summer
1964,DEN,7,1,4,12,Summer
1964,BRA,0,0,12,12,Summer
1964,BUL,3,5,2,10,Summer
1964,NZL,4,0,2,6,Summer
1964,TUR,2,3,1,6,Summer
1964,SUI,1,4,1,6,Summer
1964,TRI,0,1,5,6,Summer
1964,FIN,3,0,2,5,Summer
1964,CAN,2,2,1,5,Summer
1964,BEL,2,0,1,3,Summer
1964,KOR,0,2,1,3,Summer
1964,BAH,2,0,0,2,Summer
1964,TUN,0,1,1,2,Summer
1964,IRI,0,0,2,2,Summer
1964,ETH,1,0,0,1,Summer
1964,ARG,0,1,0,1,Summer
1964,CUB,0,1,0,1,Summer
1964,PHI,0,1,0,1,Summer
1964,GHA,0,0,1,1,Summer
1964,IRL,0,0,1,1,Summer
1964,KEN,0,0,1,1,Summer
1964,MEX,0,0,1,1,Summer
1964,NGR,0,0,1,1,Summer
1964,URU,0,0,1,1,Summer
1968,URS,66,62,60,188,Summer
1968,USA,83,31,35,149,Summer
1968,HUN,32,20,29,81,Summer
1968,JPN,16,29,22,67,Summer
1968,GDR,13,19,19,51,Summer
1968,FRG,16,15,18,49,Summer
1968,AUS,5,34,10,49,Summer
1968,POL,5,2,30,37,Summer
1968,ITA,5,8,19,32,Summer
1968,YUG,13,14,2,29,Summer
1968,TCH,7,7,15,29,Summer
1968,FRA,12,5,10,27,Summer
1968,BUL,2,21,3,26,Summer
1968,ROU,5,9,9,23,Summer
1968,GBR,8,5,5,18,Summer
1968,DEN,4,6,6,16,Summer
1968,IND,0,0,15,15,Summer
1968,NED,6,7,1,14,Summer
1968,PAK,13,0,0,13,Summer
1968,SUI,0,3,10,13,Summer
1968,KEN,3,7,2,12,Summer
1968,CAN,3,3,4,10,Summer
1968,CUB,0,10,0,10,Summer
1968,SWE,4,4,1,9,Summer
1968,MEX,3,3,3,9,Summer
1968,NZL,5,0,2,7,Summer
1968,NOR,4,2,0,6,Summer
1968,IRI,2,1,2,5,Summer
1968,AUT,0,2,3,5,Summer
1968,FIN,1,2,1,4,Summer
1968,BRA,0,1,3,4,Summer
1968,MGL,0,1,3,4,Summer
1968,BEL,0,1,2,3,Summer
1968,TUR,2,0,0,2,Summer
1968,ETH,1,1,0,2,Summer
1968,TUN,1,0,1,2,Summer
1968,KOR,0,1,1,2,Summer
1968,UGA,0,1,1,2,Summer
1968,ARG,0,0,2,2,Summer
1968,VEN,1,0,0,1,Summer
1968,CMR,0,1,0,1,Summer
1968,JAM,0,1,0,1,Summer
1968,GRE,0,0,1,1,Summer
1968,TPE,0,0,1,1,Summer
1972,URS,107,46,58,211,Summer
1972,USA,53,59,43,155,Summer
1972,GDR,30,62,56,148,Summer
1972,FRG,43,17,36,96,Summer
1972,HUN,10,46,25,81,Summer
1972,JPN,29,19,8,56,Summer
1972,POL,27,8,11,46,Summer
1972,ROU,3,10,27,40,Summer
1972,GBR,8,9,12,29,Summer
1972,TCH,2,21,6,29,Summer
1972,ITA,9,3,13,25,Summer
1972,BUL,6,10,6,22,Summer
1972,CUB,3,1,18,22,Summer
1972,FRA,2,5,15,22,Summer
1972,SWE,4,9,8,21,Summer
1972,AUS,11,7,2,20,Summer
1972,YUG,15,1,2,18,Summer
1972,PRK,1,1,13,15,Summer
1972,PAK,0,15,0,15,Summer
1972,NZL,9,4,1,14,Summer
1972,IND,0,0,14,14,Summer
1972,KEN,5,3,4,12,Summer
1972,FIN,3,1,6,10,Summer
1972,CAN,0,2,8,10,Summer
1972,NOR,2,2,4,8,Summer
1972,SUI,0,8,0,8,Summer
1972,NED,3,1,2,6,Summer
1972,IRI,0,2,1,3,Summer
1972,AUT,0,1,2,3,Summer
1972,COL,0,1,2,3,Summer
1972,UGA,1,1,0,2,Summer
1972,BEL,0,2,0,2,Summer
1972,GRE,0,2,0,2,Summer
1972,BRA,0,0,2,2,Summer
1972,ETH,0,0,2,2,Summer
1972,DEN,1,0,0,1,Summer
1972,ARG,0,1,0,1,Summer
1972,KOR,0,1,0,1,Summer
1972,LIB,0,1,0,1,Summer
1972,MEX,0,1,0,1,Summer
1972,MGL,0,1,0,1,Summer
1972,TUN,0,1,0,1,Summer
1972,TUR,0,1,0,1,Summer
1972,ESP,0,0,1,1,Summer
1972,GHA,0,0,1,1,Summer
1972,JAM,0,0,1,1,Summer
1972,NGR,0,0,1,1,Summer
1972,NIG,0,0,1,1,Summer
1976,URS,113,93,79,285,Summer
1976,GDR,99,51,42,192,Summer
1976,USA,63,56,36,155,Summer
1976,FRG,21,24,30,75,Summer
1976,POL,18,29,26,73,Summer
1976,HUN,14,6,35,55,Summer
1976,ROU,4,28,23,55,Summer
1976,JPN,25,6,10,41,Summer
1976,BUL,8,13,18,39,Summer
1976,GBR,6,15,11,32,Summer
1976,ITA,2,25,4,31,Summer
1976,NZL,17,1,9,27,Summer
1976,CUB,6,4,14,24,Summer
1976,AUS,0,16,8,24,Summer
1976,FRA,5,7,8,20,Summer
1976,CAN,0,8,12,20,Summer
1976,YUG,2,14,3,19,Summer
1976,KOR,1,1,15,17,Summer
1976,PAK,0,0,16,16,Summer
1976,TCH,2,4,9,15,Summer
1976,NED,0,2,13,15,Summer
1976,SWE,9,1,0,10,Summer
1976,SUI,1,3,6,10,Summer
1976,BEL,0,3,6,9,Summer
1976,DEN,3,0,5,8,Summer
1976,FIN,4,2,0,6,Summer
1976,NOR,2,4,0,6,Summer
1976,ESP,0,6,0,6,Summer
1976,BRA,0,0,3,3,Summer
1976,JAM,1,1,0,2,Summer
1976,PRK,1,1,0,2,Summer
1976,MEX,1,0,1,2,Summer
1976,POR,0,2,0,2,Summer
1976,IRI,0,1,1,2,Summer
1976,TRI,1,0,0,1,Summer
1976,MGL,0,1,0,1,Summer
1976,VEN,0,1,0,1,Summer
1976,AUT,0,0,1,1,Summer
1976,BER,0,0,1,1,Summer
1976,PUR,0,0,1,1,Summer
1976,THA,0,0,1,1,Summer
1980,URS,192,127,123,442,Summer
1980,GDR,112,87,61,260,Summer
1980,BUL,8,46,40,94,Summer
1980,ROU,7,15,50,72,Summer
1980,HUN,8,13,40,61,Summer
1980,YUG,13,27,17,57,Summer
1980,TCH,18,18,16,52,Summer
1980,POL,3,25,22,50,Summer
1980,GBR,5,18,22,45,Summer
1980,ITA,8,21,8,37,Summer
1980,FRA,18,5,6,29,Summer
1980,ESP,2,19,3,24,Summer
1980,CUB,8,7,5,20,Summer
1980,SWE,3,6,9,18,Summer
1980,IND,16,0,0,16,Summer
1980,ZIM,16,0,0,16,Summer
1980,AUS,5,2,5,12,Summer
1980,MEX,0,1,11,12,Summer
1980,BRA,4,0,5,9,Summer
1980,FIN,3,1,5,9,Summer
1980,DEN,4,2,2,8,Summer
1980,NED,0,1,5,6,Summer
1980,AUT,1,3,1,5,Summer
1980,GRE,1,0,4,5,Summer
1980,PRK,0,3,2,5,Summer
1980,ETH,2,0,2,4,Summer
1980,MGL,0,2,2,4,Summer
1980,IRL,0,2,1,3,Summer
1980,JAM,0,0,3,3,Summer
1980,SUI,2,0,0,2,Summer
1980,TAN,0,2,0,2,Summer
1980,BEL,1,0,0,1,Summer
1980,UGA,0,1,0,1,Summer
1980,VEN,0,1,0,1,Summer
1980,GUY,0,0,1,1,Summer
1980,LIB,0,0,1,1,Summer
1984,USA,168,115,50,333,Summer
1984,FRG,31,74,52,157,Summer
1984,ROU,40,31,35,106,Summer
1984,YUG,47,5,35,87,Summer
1984,CAN,19,35,32,86,Summer
1984,CHN,26,13,37,76,Summer
1984,GBR,9,20,43,72,Summer
1984,FRA,21,16,31,68,Summer
1984,ITA,29,6,28,63,Summer
1984,AUS,7,14,29,50,Summer
1984,JPN,10,8,31,49,Summer
1984,KOR,6,29,7,42,Summer
1984,NED,20,6,14,40,Summer
1984,BRA,1,34,2,37,Summer
1984,SWE,3,18,11,32,Summer
1984,NZL,16,1,6,23,Summer
1984,ESP,2,14,3,19,Summer
1984,PAK,16,0,0,16,Summer
1984,SUI,0,9,6,15,Summer
1984,DEN,0,5,10,15,Summer
1984,FIN,4,2,6,12,Summer
1984,MEX,2,3,1,6,Summer
1984,JAM,0,4,2,6,Summer
1984,BEL,1,2,2,5,Summer
1984,NGR,0,1,4,5,Summer
1984,NOR,0,1,3,4,Summer
1984,AUT,1,1,1,3,Summer
1984,KEN,1,0,2,3,Summer
1984,POR,1,0,2,3,Summer
1984,TUR,0,0,3,3,Summer
1984,VEN,0,0,3,3,Summer
1984,MAR,2,0,0,2,Summer
1984,GRE,0,1,1,2,Summer
1984,PUR,0,1,1,2,Summer
1984,ALG,0,0,2,2,Summer
1984,CIV,0,1,0,1,Summer
1984,COL,0,1,0,1,Summer
1984,EGY,0,1,0,1,Summer
1984,IRL,0,1,0,1,Summer
1984,PER,0,1,0,1,Summer
1984,SYR,0,1,0,1,Summer
1984,THA,0,1,0,1,Summer
1984,CMR,0,0,1,1,Summer
1984,DOM,0,0,1,1,Summer
1984,ISL,0,0,1,1,Summer
1984,TPE,0,0,1,1,Summer
1984,ZAM,0,0,1,1,Summer
1988,URS,134,65,95,294,Summer
1988,USA,77,64,52,193,Summer
1988,GDR,75,52,47,174,Summer
1988,FRG,32,37,44,113,Summer
1988,KOR,28,37,12,77,Summer
1988,YUG,15,27,21,63,Summer
1988,GBR,22,16,15,53,Summer
1988,CHN,6,16,31,53,Summer
1988,ROU,8,30,13,51,Summer
1988,HUN,20,9,15,44,Summer
1988,NED,3,5,36,44,Summer
1988,BUL,10,14,17,41,Summer
1988,AUS,18,6,10,34,Summer
1988,FRA,12,4,13,29,Summer
1988,ITA,11,10,8,29,Summer
1988,BRA,1,22,5,28,Summer
1988,NZL,4,4,16,24,Summer
1988,NOR,2,21,0,23,Summer
1988,CAN,4,5,12,21,Summer
1988,POL,2,9,10,21,Summer
1988,JPN,4,3,13,20,Summer
1988,SWE,0,5,11,16,Summer
1988,ARG,0,1,12,13,Summer
1988,PER,0,12,0,12,Summer
1988,TCH,3,4,3,10,Summer
1988,KEN,5,2,2,9,Summer
1988,SUI,0,6,2,8,Summer
1988,DEN,3,1,3,7,Summer
1988,ESP,1,2,2,5,Summer
1988,JAM,0,5,0,5,Summer
1988,FIN,1,1,2,4,Summer
1988,MAR,1,0,2,3,Summer
1988,INA,0,3,0,3,Summer
1988,TUR,1,1,0,2,Summer
1988,BEL,0,0,2,2,Summer
1988,MEX,0,0,2,2,Summer
1988,AUT,1,0,0,1,Summer
1988,POR,1,0,0,1,Summer
1988,SUR,1,0,0,1,Summer
1988,AHO,0,1,0,1,Summer
1988,CHI,0,1,0,1,Summer
1988,CRC,0,1,0,1,Summer
1988,IRI,0,1,0,1,Summer
1988,ISV,0,1,0,1,Summer
1988,SEN,0,1,0,1,Summer
1988,COL,0,0,1,1,Summer
1988,DJI,0,0,1,1,Summer
1988,GRE,0,0,1,1,Summer
1988,MGL,0,0,1,1,Summer
1988,PAK,0,0,1,1,Summer
1988,PHI,0,0,1,1,Summer
1988,THA,0,0,1,1,Summer
1992,USA,89,50,85,224,Summer
1992,EUN,92,65,66,223,Summer
1992,GER,81,57,60,198,Summer
1992,CHN,18,46,19,83,Summer
1992,CUB,44,13,14,71,Summer
1992,ESP,44,20,2,66,Summer
1992,AUS,14,27,16,57,Summer
1992,FRA,9,5,43,57,Summer
1992,ROU,8,31,14,53,Summer
1992,GBR,8,3,39,50,Summer
1992,KOR,28,5,16,49,Summer
1992,JPN,3,8,36,47,Summer
1992,ITA,22,10,14,46,Summer
1992,HUN,14,23,8,45,Summer
1992,CAN,27,5,12,44,Summer
1992,POL,5,18,19,42,Summer
1992,SWE,1,27,7,35,Summer
1992,NED,5,20,8,33,Summer
1992,NOR,2,20,1,23,Summer
1992,TPE,0,20,0,20,Summer
1992,BUL,3,7,7,17,Summer
1992,PAK,0,0,16,16,Summer
1992,NZL,1,9,5,15,Summer
1992,CRO,0,12,3,15,Summer
1992,BRA,13,1,0,14,Summer
1992,DEN,3,2,9,14,Summer
1992,LTU,1,0,12,13,Summer
1992,GHA,0,0,13,13,Summer
1992,NGR,0,7,4,11,Summer
1992,PRK,4,0,6,10,Summer
1992,TCH,4,3,1,8,Summer
1992,KEN,2,4,2,8,Summer
1992,FIN,1,4,2,7,Summer
1992,INA,2,3,1,6,Summer
1992,TUR,2,2,2,6,Summer
1992,AUT,0,6,0,6,Summer
1992,SLO,0,0,6,6,Summer
1992,JAM,0,3,1,4,Summer
1992,MAR,1,1,1,3,Summer
1992,EST,1,0,2,3,Summer
1992,ETH,1,0,2,3,Summer
1992,RSA,0,3,0,3,Summer
1992,LAT,0,2,1,3,Summer
1992,BEL,0,1,2,3,Summer
1992,IOP,0,1,2,3,Summer
1992,IRI,0,1,2,3,Summer
1992,GRE,2,0,0,2,Summer
1992,IRL,1,1,0,2,Summer
1992,ALG,1,0,1,2,Summer
1992,NAM,0,2,0,2,Summer
1992,ISR,0,1,1,2,Summer
1992,ARG,0,0,2,2,Summer
1992,MAS,0,0,2,2,Summer
1992,MGL,0,0,2,2,Summer
1992,SUI,1,0,0,1,Summer
1992,MEX,0,1,0,1,Summer
1992,PER,0,1,0,1,Summer
1992,BAH,0,0,1,1,Summer
1992,COL,0,0,1,1,Summer
1992,PHI,0,0,1,1,Summer
1992,PUR,0,0,1,1,Summer
1992,QAT,0,0,1,1,Summer
1992,SUR,0,0,1,1,Summer
1992,THA,0,0,1,1,Summer
1996,USA,160,48,52,260,Summer
1996,AUS,32,16,84,132,Summer
1996,GER,42,35,47,124,Summer
1996,RUS,36,45,34,115,Summer
1996,CHN,19,74,17,110,Summer
1996,NED,38,9,26,73,Summer
1996,ITA,19,24,28,71,Summer
1996,ESP,24,21,22,67,Summer
1996,KOR,10,49,7,66,Summer
1996,BRA,5,15,44,64,Summer
1996,CUB,39,8,10,57,Summer
1996,FRA,21,10,20,51,Summer
1996,CAN,8,31,12,51,Summer
1996,HUN,8,9,26,43,Summer
1996,JPN,3,26,14,43,Summer
1996,ROU,13,10,15,38,Summer
1996,UKR,10,5,19,34,Summer
1996,SWE,3,23,5,31,Summer
1996,CRO,16,13,0,29,Summer
1996,NGR,19,4,3,26,Summer
1996,GBR,2,15,9,26,Summer
1996,YUG,1,12,13,26,Summer
1996,NOR,2,3,20,25,Summer
1996,DEN,22,1,1,24,Summer
1996,BLR,1,6,16,23,Summer
1996,POL,7,7,7,21,Summer
1996,BUL,3,12,6,21,Summer
1996,ARG,0,19,1,20,Summer
1996,JAM,1,3,12,16,Summer
1996,CZE,4,5,4,13,Summer
1996,LTU,0,0,12,12,Summer
1996,SUI,5,6,0,11,Summer
1996,KAZ,3,4,4,11,Summer
1996,NZL,3,2,4,9,Summer
1996,GRE,4,4,0,8,Summer
1996,KEN,1,4,3,8,Summer
1996,TUR,4,1,1,6,Summer
1996,BEL,2,2,2,6,Summer
1996,INA,2,1,3,6,Summer
1996,RSA,3,1,1,5,Summer
1996,PRK,2,1,2,5,Summer
1996,BAH,0,5,0,5,Summer
1996,IRL,3,0,1,4,Summer
1996,FIN,1,2,1,4,Summer
1996,ALG,2,0,1,3,Summer
1996,ETH,2,0,1,3,Summer
1996,IRI,1,1,1,3,Summer
1996,SVK,1,1,1,3,Summer
1996,POR,1,0,2,3,Summer
1996,MAS,0,2,1,3,Summer
1996,MDA,0,2,1,3,Summer
1996,AUT,0,1,2,3,Summer
1996,ARM,1,1,0,2,Summer
1996,THA,1,0,1,2,Summer
1996,NAM,0,2,0,2,Summer
1996,SLO,0,2,0,2,Summer
1996,UZB,0,1,1,2,Summer
1996,GEO,0,0,2,2,Summer
1996,MAR,0,0,2,2,Summer
1996,TRI,0,0,2,2,Summer
1996,BDI,1,0,0,1,Summer
1996,CRC,1,0,0,1,Summer
1996,ECU,1,0,0,1,Summer
1996,HKG,1,0,0,1,Summer
1996,SYR,1,0,0,1,Summer
1996,AZE,0,1,0,1,Summer
1996,LAT,0,1,0,1,Summer
1996,PHI,0,1,0,1,Summer
1996,TGA,0,1,0,1,Summer
1996,TPE,0,1,0,1,Summer
1996,ZAM,0,1,0,1,Summer
1996,IND,0,0,1,1,Summer
1996,ISR,0,0,1,1,Summer
1996,MEX,0,0,1,1,Summer
1996,MGL,0,0,1,1,Summer
1996,MOZ,0,0,1,1,Summer
1996,PUR,0,0,1,1,Summer
1996,TUN,0,0,1,1,Summer
1996,UGA,0,0,1,1,Summer
2000,USA,130,66,52,248,Summer
2000,RUS,66,68,54,188,Summer
2000,AUS,60,69,54,183,Summer
2000,GER,31,23,65,119,Summer
2000,CHN,39,23,17,79,Summer
2000,NED,27,29,23,79,Summer
2000,KOR,12,26,35,73,Summer
2000,CUB,22,35,12,69,Summer
2000,FRA,22,30,14,66,Summer
2000,ITA,22,14,29,65,Summer
2000,GBR,22,20,13,55,Summer
2000,HUN,25,24,4,53,Summer
2000,BRA,0,12,36,48,Summer
2000,ROU,27,6,13,46,Summer
2000,NOR,21,4,19,44,Summer
2000,JPN,5,30,8,43,Summer
2000,ESP,3,20,20,43,Summer
2000,UKR,3,20,12,35,Summer
2000,SWE,4,20,8,32,Summer
2000,CAN,4,4,23,31,Summer
2000,YUG,12,1,13,26,Summer
2000,DEN,18,3,4,25,Summer
2000,POL,7,10,7,24,Summer
2000,JAM,0,14,9,23,Summer
2000,BLR,3,8,11,22,Summer
2000,ARG,0,17,3,20,Summer
2000,CMR,18,0,0,18,Summer
2000,GRE,4,6,8,18,Summer
2000,CHI,0,0,18,18,Summer
2000,LTU,2,0,15,17,Summer
2000,SUI,1,11,2,14,Summer
2000,BUL,5,6,2,13,Summer
2000,CRO,1,0,9,10,Summer
2000,CZE,2,3,4,9,Summer
2000,ETH,4,1,3,8,Summer
2000,INA,2,4,2,8,Summer
2000,NGR,0,8,0,8,Summer
2000,KAZ,3,4,0,7,Summer
2000,KEN,2,3,2,7,Summer
2000,BEL,0,3,4,7,Summer
2000,BAH,6,0,0,6,Summer
2000,SVK,2,3,1,6,Summer
2000,MEX,1,2,3,6,Summer
2000,GEO,0,0,6,6,Summer
2000,FIN,3,1,1,5,Summer
2000,TUR,3,0,2,5,Summer
2000,ALG,1,1,3,5,Summer
2000,RSA,0,2,3,5,Summer
2000,MAR,0,1,4,5,Summer
2000,TPE,0,1,4,5,Summer
2000,AUT,3,1,0,4,Summer
2000,IRI,3,0,1,4,Summer
2000,UZB,1,1,2,4,Summer
2000,NZL,1,0,3,4,Summer
2000,PRK,0,1,3,4,Summer
2000,SLO,3,0,0,3,Summer
2000,AZE,2,0,1,3,Summer
2000,LAT,1,1,1,3,Summer
2000,EST,1,0,2,3,Summer
2000,THA,1,0,2,3,Summer
2000,KSA,0,1,1,2,Summer
2000,MDA,0,1,1,2,Summer
2000,TRI,0,1,1,2,Summer
2000,CRC,0,0,2,2,Summer
2000,POR,0,0,2,2,Summer
2000,COL,1,0,0,1,Summer
2000,MOZ,1,0,0,1,Summer
2000,IRL,0,1,0,1,Summer
2000,SRI,0,1,0,1,Summer
2000,URU,0,1,0,1,Summer
2000,VIE,0,1,0,1,Summer
2000,ARM,0,0,1,1,Summer
2000,BAR,0,0,1,1,Summer
2000,IND,0,0,1,1,Summer
2000,ISL,0,0,1,1,Summer
2000,ISR,0,0,1,1,Summer
2000,KGZ,0,0,1,1,Summer
2000,KUW,0,0,1,1,Summer
2000,MKD,0,0,1,1,Summer
2000,QAT,0,0,1,1,Summer
2004,USA,116,75,73,264,Summer
2004,RUS,47,49,96,192,Summer
2004,AUS,49,78,30,157,Summer
2004,GER,41,45,63,149,Summer
2004,ITA,24,39,39,102,Summer
2004,CHN,52,27,15,94,Summer
2004,JPN,21,20,53,94,Summer
2004,NED,4,50,22,76,Summer
2004,CUB,31,8,22,61,Summer
2004,GBR,17,25,15,57,Summer
2004,FRA,21,10,22,53,Summer
2004,KOR,14,28,10,52,Summer
2004,UKR,9,8,31,48,Summer
2004,ARG,26,0,21,47,Summer
2004,HUN,24,12,4,40,Summer
2004,BRA,18,19,3,40,Summer
2004,ROU,23,5,11,39,Summer
2004,GRE,8,18,5,31,Summer
2004,DEN,19,0,10,29,Summer
2004,ESP,4,15,8,27,Summer
2004,CRO,14,3,3,20,Summer
2004,CAN,3,10,4,17,Summer
2004,BLR,2,6,9,17,Summer
2004,BUL,2,1,14,17,Summer
2004,PAR,0,17,0,17,Summer
2004,SCG,0,14,0,14,Summer
2004,JAM,6,1,6,13,Summer
2004,SWE,5,5,2,12,Summer
2004,POL,4,2,6,12,Summer
2004,CZE,1,6,5,12,Summer
2004,RSA,4,3,3,10,Summer
2004,TUR,3,3,4,10,Summer
2004,SVK,3,2,5,10,Summer
2004,TPE,2,4,3,9,Summer
2004,AUT,3,4,1,8,Summer
2004,THA,3,1,4,8,Summer
2004,KAZ,1,4,3,8,Summer
2004,NGR,0,0,8,8,Summer
2004,NOR,5,0,2,7,Summer
2004,ETH,2,3,2,7,Summer
2004,KEN,1,4,2,7,Summer
2004,SUI,1,2,4,7,Summer
2004,NZL,4,2,0,6,Summer
2004,IRI,2,2,2,6,Summer
2004,UZB,2,1,2,5,Summer
2004,EGY,1,1,3,5,Summer
2004,INA,1,1,3,5,Summer
2004,AZE,1,0,4,5,Summer
2004,PRK,0,4,1,5,Summer
2004,SLO,0,2,3,5,Summer
2004,CHI,3,0,1,4,Summer
2004,GEO,2,2,0,4,Summer
2004,LAT,0,4,0,4,Summer
2004,MEX,0,3,1,4,Summer
2004,MAR,2,1,0,3,Summer
2004,LTU,1,2,0,3,Summer
2004,ZIM,1,1,1,3,Summer
2004,BEL,1,0,2,3,Summer
2004,POR,0,2,1,3,Summer
2004,EST,0,1,2,3,Summer
2004,BAH,1,0,1,2,Summer
2004,ISR,1,0,1,2,Summer
2004,FIN,0,2,0,2,Summer
2004,HKG,0,2,0,2,Summer
2004,COL,0,0,2,2,Summer
2004,VEN,0,0,2,2,Summer
2004,CMR,1,0,0,1,Summer
2004,DOM,1,0,0,1,Summer
2004,UAE,1,0,0,1,Summer
2004,IND,0,1,0,1,Summer
2004,ERI,0,0,1,1,Summer
2004,MGL,0,0,1,1,Summer
2004,SYR,0,0,1,1,Summer
2004,TRI,0,0,1,1,Summer
2008,USA,125,109,81,315,Summer
2008,CHN,74,53,57,184,Summer
2008,AUS,31,42,76,149,Summer
2008,RUS,43,44,56,143,Summer
2008,GER,42,16,43,101,Summer
2008,KOR,41,11,26,78,Summer
2008,GBR,31,25,21,77,Summer
2008,FRA,25,23,28,76,Summer
2008,BRA,14,34,27,75,Summer
2008,ESP,7,48,16,71,Summer
2008,NED,40,18,4,62,Summer
2008,JPN,23,11,17,51,Summer
2008,ARG,20,0,31,51,Summer
2008,CUB,2,34,11,47,Summer
2008,ITA,8,14,20,42,Summer
2008,CAN,11,13,10,34,Summer
2008,UKR,10,5,16,31,Summer
2008,BLR,8,5,17,30,Summer
2008,HUN,16,8,3,27,Summer
2008,NGR,0,18,6,24,Summer
2008,NOR,16,5,1,22,Summer
2008,ROU,5,1,16,22,Summer
2008,POL,6,13,1,20,Summer
2008,DEN,6,6,6,18,Summer
2008,JAM,9,3,5,17,Summer
2008,SRB,0,1,14,15,Summer
2008,KEN,6,4,4,14,Summer
2008,NZL,4,2,8,14,Summer
2008,ISL,0,14,0,14,Summer
2008,KAZ,2,4,7,13,Summer
2008,SUI,3,0,8,11,Summer
2008,SVK,4,5,1,10,Summer
2008,TUR,1,4,3,8,Summer
2008,ETH,4,1,2,7,Summer
2008,CZE,3,4,0,7,Summer
2008,INA,2,2,3,7,Summer
2008,AZE,1,2,4,7,Summer
2008,SWE,0,5,2,7,Summer
2008,GRE,0,3,4,7,Summer
2008,GEO,3,0,3,6,Summer
2008,PRK,2,1,3,6,Summer
2008,UZB,1,2,3,6,Summer
2008,ARM,0,0,6,6,Summer
2008,BEL,1,4,0,5,Summer
2008,FIN,1,2,2,5,Summer
2008,SLO,1,2,2,5,Summer
2008,BUL,1,1,3,5,Summer
2008,TRI,0,5,0,5,Summer
2008,BAH,0,4,1,5,Summer
2008,CRO,0,2,3,5,Summer
2008,LTU,0,2,3,5,Summer
2008,MGL,2,2,0,4,Summer
2008,THA,2,2,0,4,Summer
2008,MEX,2,0,2,4,Summer
2008,ZIM,1,3,0,4,Summer
2008,TPE,0,0,4,4,Summer
2008,EST,1,2,0,3,Summer
2008,LAT,1,1,1,3,Summer
2008,IND,1,0,2,3,Summer
2008,SIN,0,3,0,3,Summer
2008,AUT,0,1,2,3,Summer
2008,IRL,0,1,2,3,Summer
2008,DOM,1,1,0,2,Summer
2008,POR,1,1,0,2,Summer
2008,IRI,1,0,1,2,Summer
2008,ALG,0,1,1,2,Summer
2008,COL,0,1,1,2,Summer
2008,KGZ,0,1,1,2,Summer
2008,MAR,0,1,1,2,Summer
2008,TJK,0,1,1,2,Summer
2008,CMR,1,0,0,1,Summer
2008,PAN,1,0,0,1,Summer
2008,TUN,1,0,0,1,Summer
2008,CHI,0,1,0,1,Summer
2008,ECU,0,1,0,1,Summer
2008,MAS,0,1,0,1,Summer
2008,RSA,0,1,0,1,Summer
2008,SUD,0,1,0,1,Summer
2008,VIE,0,1,0,1,Summer
2008,AFG,0,0,1,1,Summer
2008,EGY,0,0,1,1,Summer
2008,ISR,0,0,1,1,Summer
2008,MDA,0,0,1,1,Summer
2008,MRI,0,0,1,1,Summer
2008,TOG,0,0,1,1,Summer
2008,VEN,0,0,1,1,Summer
2012,USA,147,57,46,250,Summer
2012,RUS,47,32,51,130,Summer
2012,CHN,56,44,28,128,Summer
2012,GBR,48,30,48,126,Summer
2012,AUS,19,36,59,114,Summer
2012,GER,45,28,21,94,Summer
2012,JPN,7,44,33,84,Summer
2012,FRA,30,30,22,82,Summer
2012,NED,21,29,19,69,Summer
2012,ITA,16,22,30,68,Summer
2012,ESP,6,34,25,65,Summer
2012,KOR,18,13,32,63,Summer
2012,BRA,14,34,11,59,Summer
2012,CAN,1,21,35,57,Summer
2012,CRO,15,4,16,35,Summer
2012,MEX,18,5,3,26,Summer
2012,HUN,12,8,6,26,Summer
2012,NZL,9,3,14,26,Summer
2012,UKR,9,4,12,25,Summer
2012,JAM,8,9,8,25,Summer
2012,SWE,2,18,3,23,Summer
2012,BLR,3,12,6,21,Summer
2012,ARG,1,16,3,20,Summer
2012,NOR,15,1,1,17,Summer
2012,DEN,3,5,8,16,Summer
2012,ROU,2,8,6,16,Summer
2012,SRB,1,1,14,16,Summer
2012,CUB,5,3,7,15,Summer
2012,CZE,4,4,7,15,Summer
2012,MNE,0,14,0,14,Summer
2012,IRI,5,6,2,13,Summer
2012,POL,3,1,8,12,Summer
2012,KEN,2,4,6,12,Summer
2012,KAZ,3,1,6,10,Summer
2012,AZE,2,2,6,10,Summer
2012,TTO,1,4,5,10,Summer
2012,RSA,6,2,1,9,Summer
2012,COL,1,3,4,8,Summer
2012,ETH,3,2,2,7,Summer
2012,GEO,1,3,3,7,Summer
2012,PRK,4,0,2,6,Summer
2012,IRL,1,1,4,6,Summer
2012,IND,0,2,4,6,Summer
2012,LTU,2,1,2,5,Summer
2012,SLO,1,1,3,5,Summer
2012,FIN,0,2,3,5,Summer
2012,MGL,0,2,3,5,Summer
2012,SVK,0,1,4,5,Summer
2012,BAH,4,0,0,4,Summer
2012,SUI,2,2,0,4,Summer
2012,TUR,1,2,1,4,Summer
2012,EGY,0,3,1,4,Summer
2012,THA,0,2,2,4,Summer
2012,KSA,0,0,4,4,Summer
2012,SGP,0,0,4,4,Summer
2012,TUN,2,0,1,3,Summer
2012,LAT,1,0,2,3,Summer
2012,UZB,1,0,2,3,Summer
2012,INA,0,2,1,3,Summer
2012,BEL,0,1,2,3,Summer
2012,GRE,0,0,3,3,Summer
2012,DOM,1,1,0,2,Summer
2012,TPE,1,0,1,2,Summer
2012,POR,0,2,0,2,Summer
2012,ARM,0,1,1,2,Summer
2012,BUL,0,1,1,2,Summer
2012,EST,0,1,1,2,Summer
2012,MAS,0,1,1,2,Summer
2012,PUR,0,1,1,2,Summer
2012,QAT,0,0,2,2,Summer
2012,ALG,1,0,0,1,Summer
2012,GRN,1,0,0,1,Summer
2012,UGA,1,0,0,1,Summer
2012,VEN,1,0,0,1,Summer
2012,BOT,0,1,0,1,Summer
2012,CYP,0,1,0,1,Summer
2012,GAB,0,1,0,1,Summer
2012,GUA,0,1,0,1,Summer
2012,AFG,0,0,1,1,Summer
2012,BRN,0,0,1,1,Summer
2012,CMR,0,0,1,1,Summer
2012,HKG,0,0,1,1,Summer
2012,KUW,0,0,1,1,Summer
2012,MAR,0,0,1,1,Summer
2012,TJK,0,0,1,1,Summer
1924,GBR,8,4,13,25,Winter
1924,NOR,4,7,6,17,Winter
1924,FIN,4,8,3,15,Winter
1924,USA,1,11,1,13,Winter
1924,FRA,0,0,12,12,Winter
1924,CAN,9,0,0,9,Winter
1924,SUI,8,0,1,9,Winter
1924,SWE,1,8,0,9,Winter
1924,BEL,0,0,5,5,Winter
1924,AUT,3,1,0,4,Winter
1928,SWE,2,13,1,16,Winter
1928,NOR,6,4,5,15,Winter
1928,USA,6,6,2,14,Winter
1928,CAN,12,0,0,12,Winter
1928,SUI,0,0,12,12,Winter
1928,AUT,0,4,2,6,Winter
1928,GER,0,0,5,5,Winter
1928,FIN,2,1,1,4,Winter
1928,FRA,2,0,0,2,Winter
1928,BEL,0,0,1,1,Winter
1928,GBR,0,0,1,1,Winter
1928,TCH,0,0,1,1,Winter
1932,USA,11,27,7,45,Winter
1932,GER,0,0,21,21,Winter
1932,CAN,14,1,5,20,Winter
1932,NOR,3,4,3,10,Winter
1932,SUI,0,8,0,8,Winter
1932,SWE,1,2,0,3,Winter
1932,FIN,1,1,1,3,Winter
1932,FRA,2,0,0,2,Winter
1932,AUT,1,1,0,2,Winter
1932,HUN,0,0,2,2,Winter
1936,NOR,7,8,3,18,Winter
1936,GBR,12,1,4,17,Winter
1936,USA,2,0,14,16,Winter
1936,CAN,0,13,0,13,Winter
1936,SUI,4,6,0,10,Winter
1936,SWE,2,2,6,10,Winter
1936,FIN,4,2,3,9,Winter
1936,GER,4,3,0,7,Winter
1936,AUT,1,2,2,5,Winter
1936,HUN,0,0,2,2,Winter
1936,FRA,0,0,1,1,Winter
1948,SUI,4,5,19,28,Winter
1948,CAN,18,0,2,20,Winter
1948,TCH,0,17,0,17,Winter
1948,USA,6,4,6,16,Winter
1948,SWE,7,3,3,13,Winter
1948,NOR,4,3,6,13,Winter
1948,FIN,1,6,2,9,Winter
1948,AUT,1,3,4,8,Winter
1948,BEL,2,4,0,6,Winter
1948,FRA,2,1,2,5,Winter
1948,HUN,0,2,0,2,Winter
1948,GBR,0,0,2,2,Winter
1948,ITA,1,0,0,1,Winter
1952,USA,4,25,1,30,Winter
1952,SWE,0,0,23,23,Winter
1952,NOR,7,6,6,19,Winter
1952,CAN,16,0,1,17,Winter
1952,FRG,8,2,2,12,Winter
1952,FIN,6,4,2,12,Winter
1952,AUT,2,4,2,8,Winter
1952,SUI,0,0,6,6,Winter
1952,NED,0,3,0,3,Winter
1952,ITA,1,0,1,2,Winter
1952,HUN,0,0,2,2,Winter
1952,GBR,1,0,0,1,Winter
1952,FRA,0,0,1,1,Winter
1956,URS,26,5,6,37,Winter
1956,USA,2,19,5,26,Winter
1956,CAN,0,2,18,20,Winter
1956,SWE,2,4,9,15,Winter
1956,FIN,5,6,1,12,Winter
1956,AUT,5,3,4,12,Winter
1956,SUI,6,2,2,10,Winter
1956,ITA,2,6,0,8,Winter
1956,NOR,2,1,1,4,Winter
1956,EUA,1,0,1,2,Winter
1956,HUN,0,0,2,2,Winter
1956,JPN,0,1,0,1,Winter
1956,POL,0,0,1,1,Winter
1960,URS,7,7,28,42,Winter
1960,USA,19,4,4,27,Winter
1960,CAN,3,17,1,21,Winter
1960,FIN,5,3,5,13,Winter
1960,SWE,5,2,2,9,Winter
1960,EUA,4,4,1,9,Winter
1960,NOR,3,6,0,9,Winter
1960,AUT,1,2,3,6,Winter
1960,FRA,1,0,2,3,Winter
1960,SUI,2,0,0,2,Winter
1960,NED,0,1,1,2,Winter
1960,POL,0,1,1,2,Winter
1960,TCH,0,1,0,1,Winter
1960,ITA,0,0,1,1,Winter
1964,URS,29,8,9,46,Winter
1964,SWE,6,21,1,28,Winter
1964,AUT,5,9,3,17,Winter
1964,TCH,0,0,17,17,Winter
1964,FIN,3,7,5,15,Winter
1964,NOR,3,6,6,15,Winter
1964,EUA,3,4,3,10,Winter
1964,ITA,0,2,8,10,Winter
1964,USA,1,2,5,8,Winter
1964,CAN,4,2,1,7,Winter
1964,FRA,3,4,0,7,Winter
1964,GBR,2,0,0,2,Winter
1964,NED,1,1,0,2,Winter
1964,PRK,0,1,0,1,Winter
1968,URS,26,6,5,37,Winter
1968,NOR,11,9,2,22,Winter
1968,TCH,1,19,1,21,Winter
1968,CAN,1,1,18,20,Winter
1968,SWE,3,7,6,16,Winter
1968,AUT,3,8,4,15,Winter
1968,FRG,2,3,5,10,Winter
1968,FRA,4,3,2,9,Winter
1968,NED,3,3,3,9,Winter
1968,SUI,0,2,7,9,Winter
1968,ITA,8,0,0,8,Winter
1968,FIN,1,2,5,8,Winter
1968,USA,1,5,1,7,Winter
1968,GDR,2,2,2,6,Winter
1968,ROU,0,0,2,2,Winter
1972,URS,36,6,3,45,Winter
1972,USA,3,19,3,25,Winter
1972,GDR,5,3,12,20,Winter
1972,TCH,1,0,19,20,Winter
1972,SUI,7,3,7,17,Winter
1972,NOR,2,8,7,17,Winter
1972,FRG,4,2,4,10,Winter
1972,FIN,0,9,1,10,Winter
1972,NED,4,3,2,9,Winter
1972,ITA,3,5,1,9,Winter
1972,AUT,1,2,2,5,Winter
1972,SWE,1,1,2,4,Winter
1972,JPN,1,1,1,3,Winter
1972,FRA,0,1,2,3,Winter
1972,ESP,1,0,0,1,Winter
1972,POL,1,0,0,1,Winter
1972,CAN,0,1,0,1,Winter
1976,URS,38,7,11,56,Winter
1976,GDR,12,6,14,32,Winter
1976,FRG,2,7,23,32,Winter
1976,TCH,0,18,0,18,Winter
1976,FIN,5,10,1,16,Winter
1976,USA,3,3,5,11,Winter
1976,NOR,3,6,1,10,Winter
1976,SUI,1,6,2,9,Winter
1976,AUT,2,2,3,7,Winter
1976,NED,1,2,3,6,Winter
1976,ITA,1,2,1,4,Winter
1976,CAN,1,1,1,3,Winter
1976,LIE,0,0,2,2,Winter
1976,SWE,0,0,2,2,Winter
1976,GBR,1,0,0,1,Winter
1976,FRA,0,0,1,1,Winter
1980,URS,18,29,7,54,Winter
1980,GDR,16,11,12,39,Winter
1980,USA,24,4,2,30,Winter
1980,SWE,3,0,19,22,Winter
1980,NOR,1,6,9,16,Winter
1980,FIN,1,5,6,12,Winter
1980,SUI,2,4,3,9,Winter
1980,AUT,3,2,3,8,Winter
1980,FRG,0,2,6,8,Winter
1980,LIE,2,2,0,4,Winter
1980,NED,1,2,1,4,Winter
1980,ITA,0,3,0,3,Winter
1980,HUN,0,2,0,2,Winter
1980,CAN,0,1,1,2,Winter
1980,GBR,1,0,0,1,Winter
1980,JPN,0,1,0,1,Winter
1980,BUL,0,0,1,1,Winter
1980,FRA,0,0,1,1,Winter
1980,TCH,0,0,1,1,Winter
1984,URS,29,15,12,56,Winter
1984,GDR,13,13,7,33,Winter
1984,SWE,7,2,21,30,Winter
1984,TCH,0,24,4,28,Winter
1984,FIN,4,3,12,19,Winter
1984,NOR,6,5,4,15,Winter
1984,USA,4,5,0,9,Winter
1984,FRG,3,1,4,8,Winter
1984,SUI,2,2,4,8,Winter
1984,CAN,2,1,1,4,Winter
1984,FRA,0,1,2,3,Winter
1984,GBR,2,0,0,2,Winter
1984,ITA,2,0,0,2,Winter
1984,LIE,0,0,2,2,Winter
1984,JPN,0,1,0,1,Winter
1984,YUG,0,1,0,1,Winter
1984,AUT,0,0,1,1,Winter
1988,URS,41,14,12,67,Winter
1988,FIN,7,22,5,34,Winter
1988,GDR,10,15,7,32,Winter
1988,SWE,7,0,23,30,Winter
1988,SUI,8,7,5,20,Winter
1988,FRG,4,7,3,14,Winter
1988,AUT,3,5,4,12,Winter
1988,NOR,0,6,5,11,Winter
1988,ITA,2,1,5,8,Winter
1988,NED,3,2,2,7,Winter
1988,USA,2,1,4,7,Winter
1988,YUG,0,5,1,6,Winter
1988,CAN,0,2,4,6,Winter
1988,TCH,0,1,5,6,Winter
1988,FRA,1,0,1,2,Winter
1988,JPN,0,0,1,1,Winter
1988,LIE,0,0,1,1,Winter
1992,EUN,36,10,14,60,Winter
1992,GER,14,17,7,38,Winter
1992,CAN,5,29,3,37,Winter
1992,AUT,9,10,10,29,Winter
1992,NOR,12,11,5,28,Winter
1992,TCH,0,0,28,28,Winter
1992,ITA,4,9,8,21,Winter
1992,USA,5,7,2,14,Winter
1992,FIN,6,1,6,13,Winter
1992,FRA,5,6,1,12,Winter
1992,JPN,3,2,7,12,Winter
1992,KOR,5,1,1,7,Winter
1992,SUI,2,0,5,7,Winter
1992,SWE,1,0,6,7,Winter
1992,NED,1,1,2,4,Winter
1992,CHN,0,3,0,3,Winter
1992,LUX,0,2,0,2,Winter
1992,NZL,0,1,0,1,Winter
1992,ESP,0,0,1,1,Winter
1992,PRK,0,0,1,1,Winter
1994,GER,18,10,12,40,Winter
1994,CAN,3,32,5,40,Winter
1994,RUS,19,13,4,36,Winter
1994,NOR,10,19,5,34,Winter
1994,ITA,15,6,12,33,Winter
1994,FIN,0,1,30,31,Winter
1994,SWE,23,1,0,24,Winter
1994,USA,6,9,6,21,Winter
1994,SUI,4,8,4,16,Winter
1994,AUT,2,3,7,12,Winter
1994,FRA,0,1,10,11,Winter
1994,KOR,8,1,1,10,Winter
1994,JPN,3,5,2,10,Winter
1994,NED,0,1,3,4,Winter
1994,AUS,0,0,4,4,Winter
1994,KAZ,1,2,0,3,Winter
1994,CHN,0,1,2,3,Winter
1994,GBR,0,0,3,3,Winter
1994,SLO,0,0,3,3,Winter
1994,UKR,1,0,1,2,Winter
1994,BLR,0,2,0,2,Winter
1994,UZB,1,0,0,1,Winter
1998,FIN,2,7,50,59,Winter
1998,RUS,14,33,6,53,Winter
1998,CAN,14,28,7,49,Winter
1998,GER,22,12,10,44,Winter
1998,NOR,16,16,12,44,Winter
1998,USA,25,4,5,34,Winter
1998,CZE,22,1,1,24,Winter
1998,AUT,3,5,12,20,Winter
1998,ITA,3,9,5,17,Winter
1998,FRA,2,1,12,15,Winter
1998,SUI,6,5,3,14,Winter
1998,CHN,0,9,5,14,Winter
1998,JPN,8,1,4,13,Winter
1998,KOR,6,4,2,12,Winter
1998,NED,5,4,2,11,Winter
1998,SWE,0,2,5,7,Winter
1998,DEN,0,5,0,5,Winter
1998,GBR,0,0,4,4,Winter
1998,BLR,0,0,2,2,Winter
1998,KAZ,0,0,2,2,Winter
1998,BUL,1,0,0,1,Winter
1998,UKR,0,1,0,1,Winter
1998,AUS,0,0,1,1,Winter
1998,BEL,0,0,1,1,Winter
2002,USA,11,58,15,84,Winter
2002,CAN,53,7,15,75,Winter
2002,GER,26,23,12,61,Winter
2002,NOR,23,11,7,41,Winter
2002,RUS,6,5,29,40,Winter
2002,SWE,0,2,24,26,Winter
2002,SUI,3,7,14,24,Winter
2002,ITA,4,11,6,21,Winter
2002,AUT,3,4,13,20,Winter
2002,CHN,2,5,9,16,Winter
2002,FRA,5,5,5,15,Winter
2002,FIN,7,5,1,13,Winter
2002,NED,3,5,0,8,Winter
2002,KOR,5,2,0,7,Winter
2002,GBR,5,0,1,6,Winter
2002,CRO,3,1,0,4,Winter
2002,SLO,0,0,4,4,Winter
2002,CZE,1,2,0,3,Winter
2002,EST,1,1,1,3,Winter
2002,BUL,0,1,2,3,Winter
2002,AUS,2,0,0,2,Winter
2002,JPN,0,1,1,2,Winter
2002,POL,0,1,1,2,Winter
2002,BLR,0,0,1,1,Winter
2006,CAN,29,28,11,68,Winter
2006,SWE,36,21,8,65,Winter
2006,GER,23,25,6,54,Winter
2006,USA,9,11,33,53,Winter
2006,FIN,0,36,7,43,Winter
2006,RUS,16,12,13,41,Winter
2006,AUT,16,7,7,30,Winter
2006,CZE,1,2,25,28,Winter
2006,ITA,11,0,14,25,Winter
2006,NOR,2,9,12,23,Winter
2006,SUI,5,8,9,22,Winter
2006,KOR,14,3,2,19,Winter
2006,FRA,3,2,10,15,Winter
2006,NED,3,2,8,13,Winter
2006,CHN,2,5,6,13,Winter
2006,EST,3,0,0,3,Winter
2006,CRO,1,2,0,3,Winter
2006,UKR,0,0,3,3,Winter
2006,AUS,1,0,1,2,Winter
2006,POL,0,1,1,2,Winter
2006,JPN,1,0,0,1,Winter
2006,BLR,0,1,0,1,Winter
2006,BUL,0,1,0,1,Winter
2006,GBR,0,1,0,1,Winter
2006,SVK,0,1,0,1,Winter
2006,LAT,0,0,1,1,Winter
2010,USA,12,64,22,98,Winter
2010,CAN,68,15,8,91,Winter
2010,GER,15,24,15,54,Winter
2010,FIN,0,1,49,50,Winter
2010,NOR,16,15,9,40,Winter
2010,AUT,11,9,6,26,Winter
2010,RUS,6,5,14,25,Winter
2010,CHN,9,3,8,20,Winter
2010,SWE,12,3,4,19,Winter
2010,KOR,6,10,2,18,Winter
2010,FRA,2,6,6,14,Winter
2010,SUI,6,0,7,13,Winter
2010,NED,4,1,6,11,Winter
2010,CZE,2,0,7,9,Winter
2010,POL,1,3,4,8,Winter
2010,JPN,0,5,2,7,Winter
2010,ITA,1,1,3,5,Winter
2010,AUS,2,1,0,3,Winter
2010,BLR,1,1,1,3,Winter
2010,SVK,1,1,1,3,Winter
2010,LAT,0,3,0,3,Winter
2010,CRO,0,2,1,3,Winter
2010,SLO,0,2,1,3,Winter
2010,GBR,1,0,0,1,Winter
2010,EST,0,1,0,1,Winter
2010,KAZ,0,1,0,1,Winter
2014,CAN,63,22,5,90,Winter
2014,RUS,33,22,13,68,Winter
2014,USA,10,31,24,65,Winter
2014,SWE,8,35,12,55,Winter
2014,NOR,18,5,13,36,Winter
2014,GER,15,12,9,36,Winter
2014,FIN,2,7,25,34,Winter
2014,SUI,6,4,22,32,Winter
2014,NED,13,7,9,29,Winter
2014,AUT,4,12,11,27,Winter
2014,FRA,4,4,10,18,Winter
2014,KOR,7,5,2,14,Winter
2014,ITA,0,2,12,14,Winter
2014,CHN,3,4,6,13,Winter
2014,GBR,1,5,6,12,Winter
2014,POL,4,4,3,11,Winter
2014,CZE,2,7,2,11,Winter
2014,JPN,1,4,6,11,Winter
2014,LAT,0,5,6,11,Winter
2014,SLO,2,2,4,8,Winter
2014,BLR,5,0,1,6,Winter
2014,UKR,4,0,1,5,Winter
2014,AUS,0,2,1,3,Winter
2014,SVK,1,0,0,1,Winter
2014,CRO,0,1,0,1,Winter
2014,KAZ,0,0,1,1,Winter
